-9 0
-31 0
-9 0
-31 0
-9 0
-31 -4
-9 -4
-31 0
-9 0
-31 -4
-9 -4
-31 0
-9 0
-31 -3
-9 -3
-31 0
-9 0
-31 -4
-9 -4
-31 0
-31 0
-31 0
-31 0
-31 0
-31 -4
-31 -4
-31 -4
-31 -4
-31 -4
-31 -4
-31 -4
-31 -4
-31 -4
-31 -4
-31 0
-31 0
-31 -4
-31 -4
-31 0
-31 0
-31 -3
-31 -3
-31 -3
-31 -3
-31 -3
-31 -3
-31 -3
-31 -3
-31 -3
-31 -3
-31 0
-31 0
-31 -3
-31 -3
-31 0
-31 0
-31 -4
-31 -4
-31 -4
-31 -4
-31 -4
-31 -4
-31 -4
-31 -4
-31 -4
-31 -4
-31 0
-31 0
-31 -4
-31 -4
-31 0
-31 0
-9 0
-31 0
-9 0
-31 0
-9 0
-31 -4
-9 -4
-31 0
-9 0
-31 -4
-9 -4
-31 0
-9 0
-31 -3
-9 -3
-31 0
-9 0
-31 -4
-9 -4
-31 0
-31 0
-31 0
-31 0
-31 0
-31 -4
-31 -4
-31 -4
-31 -4
-31 -4
-31 -4
-31 -4
-31 -4
-31 -4
-31 -4
-31 0
-31 0
-31 -4
-31 -4
-31 0
-31 0
-31 -3
-31 -3
-31 -3
-31 -3
-31 -3
-31 -3
-31 -3
-31 -3
-31 -3
-31 -3
-31 0
-31 0
-31 -3
-31 -3
-31 0
-31 0
-31 -4
-31 -4
-31 -4
-31 -4
-31 -4
-31 -4
-31 -4
-31 -4
-31 -4
-31 -4
-31 0
-31 0
-31 -4
-31 -4
-31 0
-31 0
